{
 "cells": [
  {
   "cell_type": "code",
   "execution_count": 2,
   "metadata": {
    "collapsed": false
   },
   "outputs": [],
   "source": [
    "import numpy as np\n",
    "\n",
    "from Lib.Load import download_graph, download_labels, save_graph, save_labels\n",
    "from Lib.Metrics import compute_nmi, compute_recall, compute_precision, compute_avg_f1, compute_modularity, compute_normalized_cut\n",
    "from Lib.Transformations import compute_clusters_from_labels, compute_adj_mat\n",
    "from Lib.Algorithms import SDP1, SDP2"
   ]
  },
  {
   "cell_type": "code",
   "execution_count": 4,
   "metadata": {
    "collapsed": false
   },
   "outputs": [],
   "source": [
    "n_nodes, edge_list = download_graph('sbm')\n",
    "A = compute_adj_mat(n_nodes, edge_list)\n",
    "\n",
    "labels_true = download_labels('sbm')\n",
    "clusters_true = compute_clusters_from_labels(labels_true)\n",
    "\n",
    "labels_pred, X = SDP2(n_nodes, A, 2)\n",
    "clusters_pred = compute_clusters_from_labels(labels_pred)"
   ]
  },
  {
   "cell_type": "code",
   "execution_count": 5,
   "metadata": {
    "collapsed": true
   },
   "outputs": [
    {
     "data": {
      "text/plain": [
       "array([[ 1.  ,  1.  ,  1.  ,  0.99,  0.98,  0.97,  1.  ,  0.97,  0.97,\n",
       "         0.98,  1.  ,  0.97,  0.93,  1.  ,  0.78,  0.06,  0.02,  0.01,\n",
       "         0.27,  0.01,  0.3 ,  0.14,  0.03,  0.02,  0.04,  0.42,  0.  ,\n",
       "         0.13,  0.  ,  0.04],\n",
       "       [ 1.  ,  1.  ,  1.  ,  1.  ,  0.98,  0.97,  1.  ,  0.98,  0.99,\n",
       "         0.99,  1.  ,  0.96,  0.95,  1.  ,  0.8 ,  0.  ,  0.  ,  0.  ,\n",
       "         0.21,  0.  ,  0.29,  0.15,  0.  ,  0.  ,  0.  ,  0.4 ,  0.  ,\n",
       "         0.1 ,  0.  ,  0.  ],\n",
       "       [ 1.  ,  1.  ,  1.  ,  1.  ,  0.98,  0.97,  1.  ,  0.98,  0.99,\n",
       "         0.99,  1.  ,  0.96,  0.95,  1.  ,  0.8 ,  0.  ,  0.  ,  0.  ,\n",
       "         0.21,  0.  ,  0.29,  0.15,  0.  ,  0.  ,  0.  ,  0.4 ,  0.  ,\n",
       "         0.1 ,  0.  ,  0.  ],\n",
       "       [ 0.99,  1.  ,  1.  ,  1.  ,  0.97,  0.97,  0.99,  0.99,  0.99,\n",
       "         0.99,  1.  ,  0.98,  0.96,  1.  ,  0.84,  0.08,  0.09,  0.1 ,\n",
       "         0.2 ,  0.1 ,  0.36,  0.24,  0.09,  0.1 ,  0.  ,  0.49,  0.09,\n",
       "         0.2 ,  0.06,  0.09],\n",
       "       [ 0.98,  0.98,  0.98,  0.97,  1.  ,  0.99,  0.99,  0.96,  0.97,\n",
       "         0.99,  0.98,  0.93,  0.95,  0.98,  0.8 ,  0.03,  0.03,  0.01,\n",
       "         0.36,  0.  ,  0.38,  0.2 ,  0.01,  0.01,  0.18,  0.37,  0.02,\n",
       "         0.09,  0.13,  0.04],\n",
       "       [ 0.97,  0.97,  0.97,  0.97,  0.99,  1.  ,  0.98,  0.97,  0.98,\n",
       "         1.  ,  0.97,  0.92,  0.97,  0.97,  0.85,  0.04,  0.09,  0.08,\n",
       "         0.33,  0.07,  0.45,  0.29,  0.05,  0.07,  0.17,  0.41,  0.1 ,\n",
       "         0.14,  0.21,  0.08],\n",
       "       [ 1.  ,  1.  ,  1.  ,  0.99,  0.99,  0.98,  1.  ,  0.97,  0.98,\n",
       "         0.99,  1.  ,  0.96,  0.95,  1.  ,  0.79,  0.02,  0.01,  0.  ,\n",
       "         0.26,  0.  ,  0.31,  0.15,  0.01,  0.  ,  0.05,  0.4 ,  0.  ,\n",
       "         0.11,  0.02,  0.02],\n",
       "       [ 0.97,  0.98,  0.98,  0.99,  0.96,  0.97,  0.97,  1.  ,  1.  ,\n",
       "         0.98,  0.98,  0.97,  0.98,  0.98,  0.91,  0.12,  0.18,  0.2 ,\n",
       "         0.16,  0.2 ,  0.46,  0.36,  0.18,  0.19,  0.  ,  0.57,  0.21,\n",
       "         0.28,  0.16,  0.16],\n",
       "       [ 0.97,  0.99,  0.99,  0.99,  0.97,  0.98,  0.98,  1.  ,  1.  ,\n",
       "         0.99,  0.99,  0.96,  0.99,  0.99,  0.89,  0.05,  0.11,  0.13,\n",
       "         0.17,  0.13,  0.42,  0.31,  0.1 ,  0.12,  0.  ,  0.5 ,  0.14,\n",
       "         0.21,  0.13,  0.09],\n",
       "       [ 0.98,  0.99,  0.99,  0.99,  0.99,  1.  ,  0.99,  0.98,  0.99,\n",
       "         1.  ,  0.99,  0.94,  0.97,  0.99,  0.85,  0.03,  0.06,  0.06,\n",
       "         0.27,  0.05,  0.4 ,  0.25,  0.04,  0.05,  0.1 ,  0.42,  0.07,\n",
       "         0.13,  0.13,  0.06],\n",
       "       [ 1.  ,  1.  ,  1.  ,  1.  ,  0.98,  0.97,  1.  ,  0.98,  0.99,\n",
       "         0.99,  1.  ,  0.96,  0.95,  1.  ,  0.8 ,  0.  ,  0.  ,  0.  ,\n",
       "         0.21,  0.  ,  0.29,  0.15,  0.  ,  0.  ,  0.  ,  0.4 ,  0.  ,\n",
       "         0.1 ,  0.  ,  0.  ],\n",
       "       [ 0.97,  0.96,  0.96,  0.98,  0.93,  0.92,  0.96,  0.97,  0.96,\n",
       "         0.94,  0.96,  1.  ,  0.9 ,  0.96,  0.81,  0.23,  0.2 ,  0.19,\n",
       "         0.22,  0.2 ,  0.39,  0.26,  0.23,  0.21,  0.  ,  0.59,  0.17,\n",
       "         0.33,  0.05,  0.21],\n",
       "       [ 0.93,  0.95,  0.95,  0.96,  0.95,  0.97,  0.95,  0.98,  0.99,\n",
       "         0.97,  0.95,  0.9 ,  1.  ,  0.95,  0.93,  0.  ,  0.12,  0.16,\n",
       "         0.12,  0.15,  0.47,  0.39,  0.09,  0.13,  0.  ,  0.49,  0.19,\n",
       "         0.2 ,  0.21,  0.08],\n",
       "       [ 1.  ,  1.  ,  1.  ,  1.  ,  0.98,  0.97,  1.  ,  0.98,  0.99,\n",
       "         0.99,  1.  ,  0.96,  0.95,  1.  ,  0.8 ,  0.  ,  0.  ,  0.  ,\n",
       "         0.21,  0.  ,  0.29,  0.15,  0.  ,  0.  ,  0.  ,  0.4 ,  0.  ,\n",
       "         0.1 ,  0.  ,  0.  ],\n",
       "       [ 0.78,  0.8 ,  0.8 ,  0.84,  0.8 ,  0.85,  0.79,  0.91,  0.89,\n",
       "         0.85,  0.8 ,  0.81,  0.93,  0.8 ,  1.  ,  0.21,  0.42,  0.49,\n",
       "         0.02,  0.47,  0.7 ,  0.68,  0.38,  0.44,  0.  ,  0.71,  0.52,\n",
       "         0.48,  0.45,  0.35],\n",
       "       [ 0.06,  0.  ,  0.  ,  0.08,  0.03,  0.04,  0.02,  0.12,  0.05,\n",
       "         0.03,  0.  ,  0.23,  0.  ,  0.  ,  0.21,  1.  ,  0.91,  0.82,\n",
       "         0.41,  0.84,  0.68,  0.6 ,  0.94,  0.88,  0.43,  0.77,  0.76,\n",
       "         0.9 ,  0.57,  0.96],\n",
       "       [ 0.02,  0.  ,  0.  ,  0.09,  0.03,  0.09,  0.01,  0.18,  0.11,\n",
       "         0.06,  0.  ,  0.2 ,  0.12,  0.  ,  0.42,  0.91,  1.  ,  0.98,\n",
       "         0.2 ,  0.98,  0.85,  0.86,  0.99,  0.99,  0.32,  0.87,  0.96,\n",
       "         0.97,  0.76,  0.98],\n",
       "       [ 0.01,  0.  ,  0.  ,  0.1 ,  0.01,  0.08,  0.  ,  0.2 ,  0.13,\n",
       "         0.06,  0.  ,  0.19,  0.16,  0.  ,  0.49,  0.82,  0.98,  1.  ,\n",
       "         0.  ,  1.  ,  0.83,  0.91,  0.96,  0.99,  0.15,  0.89,  0.99,\n",
       "         0.97,  0.73,  0.92],\n",
       "       [ 0.27,  0.21,  0.21,  0.2 ,  0.36,  0.33,  0.26,  0.16,  0.17,\n",
       "         0.27,  0.21,  0.22,  0.12,  0.21,  0.02,  0.41,  0.2 ,  0.  ,\n",
       "         1.  ,  0.  ,  0.38,  0.04,  0.15,  0.08,  0.94,  0.  ,  0.  ,\n",
       "         0.06,  0.44,  0.34],\n",
       "       [ 0.01,  0.  ,  0.  ,  0.1 ,  0.  ,  0.07,  0.  ,  0.2 ,  0.13,\n",
       "         0.05,  0.  ,  0.2 ,  0.15,  0.  ,  0.47,  0.84,  0.98,  1.  ,\n",
       "         0.  ,  1.  ,  0.81,  0.89,  0.97,  1.  ,  0.14,  0.9 ,  0.98,\n",
       "         0.98,  0.7 ,  0.93],\n",
       "       [ 0.3 ,  0.29,  0.29,  0.36,  0.38,  0.45,  0.31,  0.46,  0.42,\n",
       "         0.4 ,  0.29,  0.39,  0.47,  0.29,  0.7 ,  0.68,  0.85,  0.83,\n",
       "         0.38,  0.81,  1.  ,  0.94,  0.78,  0.82,  0.51,  0.76,  0.87,\n",
       "         0.76,  0.93,  0.82],\n",
       "       [ 0.14,  0.15,  0.15,  0.24,  0.2 ,  0.29,  0.15,  0.36,  0.31,\n",
       "         0.25,  0.15,  0.26,  0.39,  0.15,  0.68,  0.6 ,  0.86,  0.91,\n",
       "         0.04,  0.89,  0.94,  1.  ,  0.8 ,  0.87,  0.23,  0.8 ,  0.96,\n",
       "         0.81,  0.87,  0.78],\n",
       "       [ 0.03,  0.  ,  0.  ,  0.09,  0.01,  0.05,  0.01,  0.18,  0.1 ,\n",
       "         0.04,  0.  ,  0.23,  0.09,  0.  ,  0.38,  0.94,  0.99,  0.96,\n",
       "         0.15,  0.97,  0.78,  0.8 ,  1.  ,  0.99,  0.24,  0.89,  0.93,\n",
       "         0.99,  0.66,  0.98],\n",
       "       [ 0.02,  0.  ,  0.  ,  0.1 ,  0.01,  0.07,  0.  ,  0.19,  0.12,\n",
       "         0.05,  0.  ,  0.21,  0.13,  0.  ,  0.44,  0.88,  0.99,  0.99,\n",
       "         0.08,  1.  ,  0.82,  0.87,  0.99,  1.  ,  0.2 ,  0.89,  0.97,\n",
       "         0.98,  0.7 ,  0.96],\n",
       "       [ 0.04,  0.  ,  0.  ,  0.  ,  0.18,  0.17,  0.05,  0.  ,  0.  ,\n",
       "         0.1 ,  0.  ,  0.  ,  0.  ,  0.  ,  0.  ,  0.43,  0.32,  0.15,\n",
       "         0.94,  0.14,  0.51,  0.23,  0.24,  0.2 ,  1.  ,  0.  ,  0.18,\n",
       "         0.12,  0.66,  0.44],\n",
       "       [ 0.42,  0.4 ,  0.4 ,  0.49,  0.37,  0.41,  0.4 ,  0.57,  0.5 ,\n",
       "         0.42,  0.4 ,  0.59,  0.49,  0.4 ,  0.71,  0.77,  0.87,  0.89,\n",
       "         0.  ,  0.9 ,  0.76,  0.8 ,  0.89,  0.89,  0.  ,  1.  ,  0.85,\n",
       "         0.94,  0.5 ,  0.82],\n",
       "       [ 0.  ,  0.  ,  0.  ,  0.09,  0.02,  0.1 ,  0.  ,  0.21,  0.14,\n",
       "         0.07,  0.  ,  0.17,  0.19,  0.  ,  0.52,  0.76,  0.96,  0.99,\n",
       "         0.  ,  0.98,  0.87,  0.96,  0.93,  0.97,  0.18,  0.85,  1.  ,\n",
       "         0.93,  0.79,  0.89],\n",
       "       [ 0.13,  0.1 ,  0.1 ,  0.2 ,  0.09,  0.14,  0.11,  0.28,  0.21,\n",
       "         0.13,  0.1 ,  0.33,  0.2 ,  0.1 ,  0.48,  0.9 ,  0.97,  0.97,\n",
       "         0.06,  0.98,  0.76,  0.81,  0.99,  0.98,  0.12,  0.94,  0.93,\n",
       "         1.  ,  0.6 ,  0.94],\n",
       "       [ 0.  ,  0.  ,  0.  ,  0.06,  0.13,  0.21,  0.02,  0.16,  0.13,\n",
       "         0.13,  0.  ,  0.05,  0.21,  0.  ,  0.45,  0.57,  0.76,  0.73,\n",
       "         0.44,  0.7 ,  0.93,  0.87,  0.66,  0.7 ,  0.66,  0.5 ,  0.79,\n",
       "         0.6 ,  1.  ,  0.74],\n",
       "       [ 0.04,  0.  ,  0.  ,  0.09,  0.04,  0.08,  0.02,  0.16,  0.09,\n",
       "         0.06,  0.  ,  0.21,  0.08,  0.  ,  0.35,  0.96,  0.98,  0.92,\n",
       "         0.34,  0.93,  0.82,  0.78,  0.98,  0.96,  0.44,  0.82,  0.89,\n",
       "         0.94,  0.74,  1.  ]])"
      ]
     },
     "execution_count": 5,
     "metadata": {},
     "output_type": "execute_result"
    }
   ],
   "source": [
    "np.round(np.array(X.value), 2)"
   ]
  },
  {
   "cell_type": "code",
   "execution_count": 6,
   "metadata": {
    "collapsed": false
   },
   "outputs": [
    {
     "data": {
      "text/plain": [
       "[[0, 1, 2, 3, 4, 5, 6, 7, 8, 9, 10, 11, 12, 13, 14],\n",
       " [15, 16, 17, 19, 20, 21, 22, 23, 25, 26, 27, 28, 29],\n",
       " [18, 24]]"
      ]
     },
     "execution_count": 6,
     "metadata": {},
     "output_type": "execute_result"
    }
   ],
   "source": [
    "clusters_pred"
   ]
  },
  {
   "cell_type": "code",
   "execution_count": 3,
   "metadata": {
    "collapsed": false
   },
   "outputs": [
    {
     "name": "stdout",
     "output_type": "stream",
     "text": [
      "NMI =  0.451436647926\n",
      "Recall =  0.0666666666667\n",
      "Precision =  1.0\n",
      "F1 =  0.125\n",
      "Modularity =  -0.034980486685\n",
      "Norm. cut =  30.0\n"
     ]
    }
   ],
   "source": [
    "print \"NMI = \", compute_nmi(labels_true, labels_pred)\n",
    "print \"Recall = \", compute_recall(clusters_true, clusters_pred)\n",
    "print \"Precision = \", compute_precision(clusters_true, clusters_pred)\n",
    "print \"F1 = \", compute_avg_f1(clusters_true, clusters_pred)\n",
    "print \"Modularity = \", compute_modularity(labels_pred, edge_list)\n",
    "print \"Norm. cut = \", compute_normalized_cut(labels_pred, clusters_pred, edge_list)"
   ]
  },
  {
   "cell_type": "code",
   "execution_count": null,
   "metadata": {
    "collapsed": true
   },
   "outputs": [],
   "source": []
  },
  {
   "cell_type": "code",
   "execution_count": null,
   "metadata": {
    "collapsed": true
   },
   "outputs": [],
   "source": []
  },
  {
   "cell_type": "code",
   "execution_count": 5,
   "metadata": {
    "collapsed": false
   },
   "outputs": [],
   "source": [
    "n_nodes = 30\n",
    "p_in = 0.35\n",
    "p_out = 0.15\n",
    "Q = np.array([[p_in, p_out], [p_out, p_in]])\n",
    "z = [0] * (n_nodes / 2) + [1] * (n_nodes / 2)\n",
    "A = np.zeros([n_nodes, n_nodes])\n",
    "for i in xrange(n_nodes):\n",
    "    for j in xrange(n_nodes):\n",
    "        A[i, j] = np.random.binomial(1, Q[z[i], z[j]], 1) \n",
    "        A[j, i] = A[i, j]\n",
    "    A[i, i] = 0\n",
    "\n",
    "save_graph(A, 'sbm')\n",
    "save_labels(z, 'sbm_labels')\n"
   ]
  },
  {
   "cell_type": "code",
   "execution_count": null,
   "metadata": {
    "collapsed": true
   },
   "outputs": [],
   "source": []
  }
 ],
 "metadata": {
  "kernelspec": {
   "display_name": "Python 2",
   "language": "python",
   "name": "python2"
  },
  "language_info": {
   "codemirror_mode": {
    "name": "ipython",
    "version": 2
   },
   "file_extension": ".py",
   "mimetype": "text/x-python",
   "name": "python",
   "nbconvert_exporter": "python",
   "pygments_lexer": "ipython2",
   "version": "2.7.12"
  }
 },
 "nbformat": 4,
 "nbformat_minor": 0
}
